persia={
	location=4341
	color={
		204 119 31 
	}
	inland=yes
	outgoing={
		name="caucasus"
		path={
			1326 421 2202 420 423 
		}
		control={
			3581.000000 1304.000000 3568.000000 1326.000000 3527.000000 1338.000000 
		}
	}
	outgoing={
		name="astrakhan"
		path={
			1326 421 425 2199 2208 
		}
		control={
			3595.000000 1300.000000 3578.000000 1332.000000 3548.000000 1380.000000 3535.000000 1410.000000 
		}
	}
	members={
		435 2224 2229 2230 436 4334 4336 446 4324 4325 2221 2235 2236 4326 417 426 2214 4339 4341 427 428 2213 2216 4337 429 433 2222 4335 4171 419 420 2202 2205 4302 421 424 4299 4305 4340 416 2206 2207 4304 2212 2215 4300 4338 4177 4170 4172 4179 
	}
}
caucasus={
	location = 423
	color = {
		190  35  37
	}
	inland = yes
	outgoing={
		name="crimea"
		path={
			2204 2196 1324 1322 
		}
		control={
			3482.000000 1346.000000 3459.000000 1351.000000 3341.000000 1399.000000 
		}
	}
	outgoing={
		name="aleppo"
		path={
			2204 4302 2306 418 407 377 
		}
		control={
			3482.000000 1336.000000 3463.000000 1308.000000 3444.000000 1263.000000 
		}
	}
	members={
		2195 463 2197 2201 2208 2199 2198 4306 425 421 4299 4305 4340 424 2202 420 2205 419 2204 2196 4302 331 2305 330 4303 2203 4301 422 462 1856 463 2197 2201 423
	}

}